jhayav@jhayav:~/Escritorio/4carrera/Neun-Example-J/circuitos$ python3 genetic_euclides.py 
============================================================
  AG con DEAP - Distancia Euclidiana CPG-CGC
============================================================
Ejecutando simulación de referencia (cpg_completo)...
  Referencia cargada: 10000 puntos (subsampled)

Población: 30 | Generaciones: 100
Genes: 12 | Cruce: 0.7 | Mutación indpb: 0.2

gen	nevals	min_dist	avg_dist	max_dist
0  	30    	5440.51 	7771.15 	8685.13 
1  	30    	5843.8  	7442.51 	8383.81 
2  	30    	5007.48 	7172.26 	8171.57 
3  	30    	5396.95 	6912.81 	7837.03 
4  	30    	5328.63 	6694.24 	7612.5  
5  	30    	4488.75 	6287.03 	7542.77 
6  	30    	4725.16 	5837.86 	7558.63 
7  	30    	4887.51 	5996.56 	7661.55 
8  	30    	4693.29 	5944.06 	7429.84 
9  	30    	4853.96 	6055.12 	7636.5  
10 	30    	4134.85 	5702.96 	7661.94 
11 	30    	4140.36 	5357.34 	7174.92 
12 	30    	4215.61 	5070.28 	7462.19 
13 	30    	4021.92 	4957.79 	7285.91 
14 	30    	3943.39 	4703.12 	6620.69 
15 	30    	3934.2  	4647.78 	7368.62 
16 	30    	3843.97 	4653.74 	6527.82 
17 	30    	3835.68 	4545.38 	5979.07 
18 	30    	3795.28 	4759.09 	7055.4  
19 	30    	3800.37 	4631.37 	7257.69 
20 	30    	3800.37 	4660.17 	7560.07 
21 	30    	3800.37 	4382.41 	6208.47 
22 	30    	3772.16 	4246.76 	6724.1  
23 	30    	3772.16 	4469    	7135.83 
24 	30    	3773.81 	4376.96 	7354.09 
25 	30    	3765.64 	4417.01 	7092.74 
26 	30    	3740.89 	4174.41 	6069.81 
27 	30    	3613.08 	4230.1  	6888.03 
28 	30    	3698.92 	4302.38 	7440.02 
29 	30    	3534.28 	4494.33 	6748.14 
30 	30    	3632.75 	4430.79 	6848.43 
31 	30    	3492.38 	4231.52 	6160.28 
32 	30    	3647.51 	4384.49 	6397.79 
33 	30    	3512.92 	4312.73 	6240.66 
34 	30    	3390.93 	4213.92 	7036.54 
35 	30    	3536.57 	4507.21 	7411.74 
36 	30    	3496.61 	4080.05 	6415.73 
37 	30    	3496.61 	4549.63 	7041.1  
38 	30    	3401.76 	3868.79 	4655.83 
39 	30    	3401.76 	4311.35 	7200.21 
40 	30    	3389.16 	4391.17 	7016.63 
41 	30    	3389.16 	4124.79 	6147.18 
42 	30    	3458.01 	4010.96 	5661.93 
43 	30    	3458.01 	4659.51 	7256.35 
44 	30    	3458.01 	4780.63 	6522.27 
45 	30    	3458.01 	4393    	5918.57 
46 	30    	3542.99 	4487.9  	6412.39 
47 	30    	3634.62 	4301.02 	6263.53 
48 	30    	3547.74 	4407.6  	7358.44 
49 	30    	3580.43 	4171.78 	6810.62 
50 	30    	3509.66 	4067.96 	6363.58 
51 	30    	3483.37 	4292.69 	7166.18 
52 	30    	3543.42 	4329.15 	7148.83 
53 	30    	3522.37 	4173.53 	6128.54 
54 	30    	3575.29 	4124.49 	5414.47 
55 	30    	3537.63 	4404.4  	7072.78 
56 	30    	3516.18 	4463.03 	6774.36 
57 	30    	3516.18 	4420.75 	7209.02 
58 	30    	3446.24 	4527.79 	7073.81 
59 	30    	3445.5  	4085.36 	5939.01 
60 	30    	3445.5  	4065.28 	6468.29 
61 	30    	3539.68 	4306.73 	6997.04 
62 	30    	3507.56 	4498.07 	7235.13 
63 	30    	3456.6  	4748.99 	7242.09 
64 	30    	3614.57 	4671.62 	6396.39 
65 	30    	3536.28 	4487.84 	7440.15 
66 	30    	3365.81 	4089.8  	6907.37 
67 	30    	3365.81 	3979.98 	6880.01 
68 	30    	3538.61 	4425.78 	6945.69 
69 	30    	3538.61 	4524.35 	7126.58 
70 	30    	3541.64 	4231.75 	5960.55 
71 	30    	3541.34 	4273.15 	6528.11 
72 	30    	3541.34 	4187.62 	7569.82 
73 	30    	3432.55 	4314.87 	6993.78 
74 	30    	3528.85 	4296.82 	7503.89 
75 	30    	3416.45 	4269    	6721.25 
76 	30    	3599.75 	4464.05 	7618.44 
77 	30    	3578.6  	4166.52 	6421.22 
78 	30    	3578.6  	4377.17 	7107.8  
79 	30    	3624.18 	4270.35 	7415.8  
80 	30    	3557.23 	4527.58 	6967.71 
81 	30    	3628.31 	4465.11 	7125.88 
82 	30    	3575.99 	4625.73 	6799.61 
83 	30    	3602.14 	4335.09 	5921.92 
84 	30    	3388.8  	4501.37 	6997.46 
85 	30    	3591.62 	4650.89 	7121.34   
86 	30    	3591.62 	4649.06 	7537    
87 	30    	3591.62 	4161.27 	6413.77 
88 	30    	3596.61 	4638.9  	7276.69 
89 	30    	3415.67 	4120.48 	7617.37 
90 	30    	3549.86 	4517.97 	6958.47 
91 	30    	3481.8  	4724.4  	7443.31 
92 	30    	3482.64 	4766.29 	7031.58 
93 	30    	3543.69 	4862.73 	7600.5  
94 	30    	3468.72 	4529.32 	7209.12 
95 	30    	3468.72 	5008.92 	7673.52 
96 	30    	3373.94 	4718.47 	7126.44 
97 	30    	3339.91 	4467.99 	7214.97 
98 	30    	3339.91 	4691.85 	7468.48 
99 	30    	3300.24 	4377.3  	5792.75 
100	30    	3320.79 	4397.33 	7177.34 

============================================================
  RESULTADOS FINALES
============================================================

Distancia euclidiana mínima: 3300.2381

Mejores parámetros:
  gsyn_CGC_N1M         = 2.843123
  esyn_CGC_N1M         = -9.220990
  tau_CGC_N1M          = 176.085259
  gsyn_CGC_N2v         = 0.000000
  esyn_CGC_N2v         = -0.910642
  tau_CGC_N2v          = 346.763362
  gsyn_CGC_SO          = 0.000000
  esyn_CGC_SO          = 9.993514
  tau_CGC_SO           = 142.445731
  gsyn_CGC_N3t         = 1.070223
  esyn_CGC_N3t         = -1.909813
  tau_CGC_N3t          = 164.090201

Guardado en: /home/jhayav/Escritorio/4carrera/Neun-Example-J/circuitos/mejores_parametros_euclides.txt

Comando de ejecución:
  /home/jhayav/Escritorio/4carrera/Neun-Example-J/circuitos/../build/circuitos/circuito_gen 2.843123 -9.220990 176.085259 0.000000 -0.910642 346.763362 0.000000 9.993514 142.445731 1.070223 -1.909813 164.090201

--- Hall of Fame (top 5) ---
  #1: dist=3300.24  genes=[2.8431, -9.221, 176.0853, 0.0, -0.9106, 346.7634, 0.0, 9.9935, 142.4457, 1.0702, -1.9098, 164.0902]
  #2: dist=3320.79  genes=[2.9379, -9.9162, 145.6656, 0.0, -1.5108, 427.1115, 0.0, 7.9961, 150.6995, 1.0702, -1.9751, 117.1862]
  #3: dist=3339.91  genes=[2.9379, -9.452, 200.8784, 0.0, -0.9319, 396.7669, 0.0, 7.6203, 150.6995, 1.0702, -1.6266, 164.0902]
  #4: dist=3355.73  genes=[2.9379, -9.9162, 145.6656, 0.0, -1.5108, 427.1115, 0.0, 7.9961, 150.6995, 1.0702, -1.6266, 117.1862]
  #5: dist=3365.81  genes=[3.3162, -5.8033, 155.3805, 0.0, 3.8947, 361.9156, 0.0, 9.7868, 62.6361, 1.2779, -0.0737, 110.2279]
